 23  35  39  45  52  56  72  84  29  31  51  64  68  80  96 120
 37  57  63  76 108  41  55  75  88 100 132  43  49  69  92  47
 65 104 105 112 140 144 156 168 180  53  81  87 116  59  61  77
 93  99 124  85 128 160 192 204 240  67  71  73  91  95 111 117
135 148 152 216 228 252  79 123 164 165 176 200 220 264 300  83
129 147 172 196  89 115 184 276 141 188  97 119 153 195 208 224
260 280 288 312 336 360 420 101 125 103 159 107 109 133 171 189
324 121 113 232 348 177 236 143 155 175 225 231 244 308 372 396
127 255 256 320 340 384 480 131 161 201 207 137 139 213 185 219
273 285 296 304 315 364 380 432 444 456 468 540 149 151 157 169
237 187 352 400 492 528 600 660 243 249 167 203 215 245 261 392
516 588 173 267 345 368 460 552 179 181 209 217 279 297 235 564
193 291 357 416 448 560 576 612 624 672 720 780 197 199 275 375
500 211
